Замеры в мс.

Замеры для библиотеки Crypto++:
Crypto                  Decrypto
     |   D    |   R   ||   D    |   R   |
4096 | 1,287  | 0,595 ||44,650  |36,970 |
2048 | 0,660  | 0,310 ||10,260  | 6,614 |
1024 | 0,388  | 0,319 || 3,440  | 1,788 |
512  | 0,274  | 0,363 || 2,134  | 1,148 |

Замеры для библиотеки openSSL:
Crypto                  Decrypto
     |   D    |   R   ||   D    |   R   |
4096 | 3,167  | 3,229 ||235,05  |221,77 |
2048 | 0,950  | 0,953 ||33,240  |33,460 |
1024 | 0,297  | 0,303 || 5,562  | 5,704 |
512  | 0,113  | 0,105 || 1,065  | 0,990 |
